# R script for Peak Model
#  -- generated by MACS
p <- c(0.03977922906717518,0.046484870538499,0.053645131770590535,0.06077697926763408,0.06750156322898988,0.0681456078900775,0.0678046430695017,0.06833503279039738,0.06847710146563728,0.06897907745148497,0.06903590492158093,0.06866652636595716,0.06821190660518944,0.06777622933445372,0.06799406796982159,0.06735002330873398,0.0678046430695017,0.06736896579876597,0.0671700696534301,0.067331080818702,0.06745420700390992,0.06758680443413384,0.06788988427464565,0.06802248170486956,0.06777622933445372,0.06824979158525342,0.06803195294988557,0.06755839069908585,0.06799406796982159,0.06818349287014147,0.06823084909522144,0.0681456078900775,0.06785199929458167,0.06736896579876597,0.06763416065921381,0.06747314949394191,0.0674826207389579,0.06782358555953369,0.067321609573686,0.06704694346822217,0.06735949455374998,0.06787094178461366,0.06805089543991755,0.06821190660518944,0.06815507913509349,0.0682876765653174,0.06854340018074924,0.06889383624634102,0.06916850235180486,0.06945263970228467,0.068931721226405,0.06897907745148497,0.06921585857688482,0.06959470837752459,0.06942422596723669,0.06951893841739663,0.06947158219231667,0.06921585857688482,0.06897907745148497,0.06900749118653295,0.06912114612672488,0.06885595126627704,0.06862864138589318,0.06895066371643699,0.06918744484183684,0.06949052468234865,0.06963259335758856,0.06939581223218871,0.07000197191321234,0.07025769552864417,0.07000197191321234,0.07030505175372415,0.0703618792238201,0.06999250066819633,0.06974624829778049,0.06915903110678885,0.06900749118653295,0.06964206460260455,0.06914955986177286,0.0685907564058292,0.06950946717238064,0.06928215729199678,0.06948105343733266,0.06995461568813235,0.06991673070806838,0.07019139681353222,0.07055130412413999,0.07049447665404403,0.07093015392477975,0.07095856765982773,0.07076914275950785,0.07099645263989171,0.07097751014985972,0.07062707408426794,0.07125217625532355,0.07163102605596332,0.0718109797112672,0.07204776083666706,0.07217088702187498,0.072133002041811,0.07188674967139515,0.07212353079679501,0.07215194453184298,0.07254973682251474,0.0727770467028986,0.07272969047781863,0.07223718573698694,0.0719625196315231,0.07208564581673103,0.07257815055756273,0.0729380578681705,0.0735726312842421,0.07385676863472193,0.07409354976012178,0.07394200983986587,0.07377152742957797,0.07442504333568158,0.07478495064628934,0.07451975578584151,0.07446292831574555,0.0743682158655856,0.07374311369453,0.0743776871106016,0.07422614719034569,0.07389465361478591,0.07384729738970593,0.07362945875433807,0.07343056260900219,0.07403672229002581,0.07393253859484988,0.07404619353504181,0.07450081329580953,0.07393253859484988,0.07371469995948202,0.07377152742957797,0.07432085964050564,0.07461446823600146,0.07459552574596946,0.07397989481992985,0.07431138839548965,0.07419773345529772,0.07383782614468994,0.07354421754919412,0.07384729738970593,0.0745481695208895,0.07434927337555362,0.07455764076590549,0.07456711201092148,0.07460499699098545,0.07461446823600146,0.07462393948101745,0.07522062791702508,0.07540058157232896,0.07505961675175317,0.07465235321606543,0.0750122605266732,0.07498384679162522,0.07539111032731297,0.07547635153245691,0.0754952940224889,0.07529639787715303,0.07464288197104943,0.07420720470031371,0.07483230687136931,0.07522062791702508,0.07529639787715303,0.0748512493614013,0.07477547940127335,0.07471865193117738,0.07467129570609742,0.07566577643277679,0.07603515498840056,0.076953865754952,0.07667919964948816,0.07660342968936021,0.07655607346428024,0.0774274280057517,0.07732324431057576,0.07784416278645544,0.07831772503725515,0.07808094391185529,0.07863027612278295,0.07814724262696725,0.07820407009706322,0.07862080487776696,0.07856397740767099,0.07862080487776696,0.078554506162655,0.07858291989770298,0.078545034917639,0.07899965467840672,0.07877234479802286,0.07923643580380657,0.07906595339351867,0.078535563672623,0.07846926495751105,0.07840296624239909,0.07841243748741508,0.07830825379223914,0.07846926495751105,0.07782522029642346,0.0779104615015674,0.07779680656137547,0.07827036881217517,0.07856397740767099,0.07884811475815082,0.07861133363275095,0.07914172335364662,0.07917013708869461,0.07892388471827877,0.07943533194914244,0.07985206672984618,0.08043928392083782,0.08079919123144559,0.08133905219735725,0.08129169597227728,0.08132010970732527,0.08229564794397266,0.0831859449754761,0.08339431236582798,0.08372580594138777,0.08306281879026818,0.08252295782435652,0.08241877412918058,0.08237141790410062,0.08235247541406862,0.08276921019477236,0.08221987798384471,0.08181261444815696,0.08185049942822094,0.08162318954783708,0.08220093549381272,0.08279762392982035,0.0831954162204921,0.08307229003528417,0.0836879209613238,0.08374474843141975,0.08352690979605189,0.08364056473624382,0.08430355188736341,0.0846255742179072,0.08429408064234742,0.08449297678768329,0.08482447036324309,0.08505178024362695,0.08545904377931468,0.08505178024362695,0.08508019397867492,0.0852885613690268,0.08516543518381887,0.08562952618960258,0.08649140948605805,0.08662400691628196,0.08648193824104206,0.0870502129420017,0.08648193824104206,0.08748589021273742,0.08803522242366509,0.08827200354906493,0.08839512973427285,0.08860349712462473,0.08860349712462473,0.08902023190532847,0.08936119672590426,0.08922859929568033,0.08973057528152802,0.08967374781143206,0.09023255126737571,0.09047880363779155,0.09033673496255164,0.089777931506608,0.08946538042108018,0.08973057528152802,0.08982528773168796,0.09000524138699185,0.09095236588859126,0.09135015817926301,0.09113231954389515,0.091369100669295,0.09208891529051055,0.0921741564956545,0.09291291360690204,0.0923446389059424,0.09274243119661414,0.09303603979210996,0.09231622517089441,0.09226886894581444,0.09209838653552654,0.0920131453303826,0.09219309898568649,0.09271401746156616,0.09274243119661414,0.09319705095738186,0.09277084493166213,0.09307392477217394,0.09304551103712595,0.09289397111687005,0.09370849818824555,0.09439989907441311,0.09496817377537276,0.09603842446218008,0.09709920390397142,0.09800844342550685,0.0992207627875541,0.10036678343448939,0.1022610324376882,0.10374801790519927,0.10470461365181469,0.10527288835277433,0.10598323172897388,0.10693035623057329,0.1077354120569328,0.10843628418811635,0.10905191511415598,0.10926028250450784,0.10921292627942787,0.10892878892894804,0.10958230483505164,0.11023582074115523,0.11052942933665105,0.11038736066141114,0.11063361303182698,0.11050101560160307,0.11000851086077137,0.11022634949613924,0.11034947568134716,0.1115617950433944,0.11142919761317048,0.11209218476429007,0.1118932886189542,0.11202588604917811,0.11249944829997782,0.11289724059064957,0.1143084560980327,0.11418532991282476,0.11479148959384838,0.11468730589867246,0.11554918919512791,0.1151040406793762,0.11515139690445617,0.11575755658547979,0.11562495915525586,0.11636371626650341,0.11613640638611955,0.11643001498161537,0.11625953257132747,0.11645842871666334,0.11675203731215916,0.11768021932372659,0.11898725113593377,0.11930927346647757,0.11923350350634962,0.12003855933270911,0.12034163917322092,0.12042688037836487,0.12099515507932451,0.12172444094555607,0.1216581422304441,0.12189492335584395,0.12128876367482033,0.12128876367482033,0.12146871733012422,0.12111828126453245,0.12126034993977235,0.12185703837577998,0.12194227958092392,0.1214876598201562,0.1211845799796444,0.12108986752948446,0.12170549845552407,0.12137400487996428,0.12159184351533214,0.12158237227031615,0.1221506469712758,0.12216958946130779,0.12300305902271527,0.12287993283750734,0.12324931139313111,0.12335349508830705,0.123429265048435,0.1242343208747945,0.12452792947029032,0.12496360674102604,0.1253613990316978,0.12555082393201766,0.12527615782655385,0.12623275357316924,0.12620433983812127,0.1268010282741289,0.1271041081146407,0.12766291157058435,0.12814594506640006,0.12821224378151203,0.12816488755643204,0.1285532086020878,0.1284016686818319,0.12872369101237569,0.12915936828311142,0.12954768932876717,0.13009702153969485,