# R script for Peak Model
#  -- generated by MACS
p <- c(0.04188305325694746,0.048804778900464044,0.056013072803107106,0.0627804924609402,0.0709587097021652,0.0708484911409627,0.07080440371648171,0.07069418515527921,0.0708705348532032,0.07071622886751971,0.07093666598992471,0.07038557318391224,0.0710027971266462,0.07040761689615273,0.0692393001474063,0.06945973726981129,0.06959199954325428,0.06963608696773528,0.06956995583101379,0.06994469893910227,0.06974630552893778,0.07042966060839323,0.06897477560052032,0.07012104863702626,0.06959199954325428,0.07007696121254525,0.06970221810445677,0.0693715624208493,0.06906295044948231,0.06899681931276082,0.06857798878019135,0.06873229476587484,0.06890864446379882,0.06875433847811534,0.06950382469429228,0.0692833875718873,0.06952586840653278,0.06945973726981129,0.06985652409014026,0.07016513606150725,0.07005491750030475,0.07005491750030475,0.0708705348532032,0.07124527796129168,0.07023126719822874,0.06996674265134276,0.06943769355757079,0.0694817809820518,0.06910703787396331,0.0693495187086088,0.07012104863702626,0.07051783545735522,0.07082644742872221,0.07062805401855772,0.07150980250817766,0.0726119881202026,0.07340556176086055,0.07325125577517706,0.07307490607725307,0.0726119881202026,0.07162002106938016,0.0709146222776842,0.07042966060839323,0.07023126719822874,0.07020922348598825,0.0692833875718873,0.06875433847811534,0.06941564984533029,0.07045170432063373,0.07080440371648171,0.07177432705506365,0.07115710311232969,0.07042966060839323,0.07073827257976022,0.07062805401855772,0.07115710311232969,0.0710909719756082,0.07093666598992471,0.07025331091046924,0.07001083007582376,0.07042966060839323,0.07164206478162066,0.07190658932850665,0.07212702645091162,0.07254585698348111,0.07177432705506365,0.07217111387539263,0.07197272046522814,0.07162002106938016,0.07186250190402564,0.07175228334282314,0.07139958394697517,0.07239155099779761,0.07188454561626614,0.07104688455112719,0.07115710311232969,0.07060601030631722,0.07062805401855772,0.07146571508369667,0.07168615220610165,0.07195067675298764,0.07219315758763313,0.07184045819178514,0.07164206478162066,0.07162002106938016,0.07276629410588609,0.07364804259550603,0.074441616236164,0.07486044676873346,0.07481635934425246,0.07417709168927801,0.074441616236164,0.07441957252392349,0.07479431563201197,0.07519110245234094,0.07466205335856897,0.074133004264797,0.074309353962721,0.07369213001998703,0.07309694978949358,0.07375826115670853,0.07331738691189855,0.07353782403430355,0.07353782403430355,0.07415504797703751,0.07437548509944249,0.07441957252392349,0.07393461085463252,0.07384643600567052,0.07450774737288549,0.07382439229343002,0.07384643600567052,0.07400074199135402,0.07455183479736648,0.07397869827911352,0.0741109605525565,0.07406687312807551,0.07400074199135402,0.07481635934425246,0.07439752881168299,0.07534540843802444,0.07547767071146742,0.07556584556042942,0.074309353962721,0.07488249048097396,0.07508088389113846,0.07567606412163191,0.07580832639507491,0.07554380184818892,0.07576423897059391,0.07512497131561945,0.07556584556042942,0.07525723358906244,0.07660190003573286,0.07724116769070732,0.07724116769070732,0.07646963776228986,0.07680029344589735,0.07728525511518831,0.07739547367639081,0.07816700360480826,0.07794656648240328,0.07838744072721325,0.0776599982232768,0.07695459943158084,0.07640350662556837,0.07660190003573286,0.07644759405004936,0.07624920063988488,0.07704277428054283,0.0759846760929989,0.07600671980523939,0.07600671980523939,0.07680029344589735,0.07669007488469486,0.07713094912950483,0.07777021678447929,0.07814495989256777,0.07788043534568179,0.07779226049671979,0.07825517845377025,0.07827722216601075,0.07867400898633974,0.07788043534568179,0.07821109102928926,0.07893853353322572,0.07887240239650423,0.07810087246808677,0.07805678504360578,0.07785839163344128,0.07750569223759331,0.07794656648240328,0.07691051200709983,0.07704277428054283,0.07691051200709983,0.07644759405004936,0.07642555033780887,0.07660190003573286,0.07671211859693534,0.07638146291332787,0.07697664314382134,0.07682233715813784,0.07832130959049176,0.07777021678447929,0.07874014012306123,0.07832130959049176,0.0776599982232768,0.07803474133136527,0.07849765928841575,0.07858583413737774,0.07889444610874471,0.07849765928841575,0.07721912397846682,0.07827722216601075,0.07737342996415031,0.07785839163344128,0.0790928395189092,0.07871809641082073,0.07790247905792227,0.07805678504360578,0.0774395611008718,0.07732934253966932,0.07805678504360578,0.07829926587825126,0.07856379042513724,0.07891648982098522,0.07834335330273225,0.07898262095770671,0.07940145149027619,0.07933532035355469,0.08028319997989614,0.08193647839793354,0.08191443468569304,0.08213487180809802,0.0824214400672245,0.0826418771896295,0.08339136340580644,0.08303866400995846,0.08394245621181891,0.08473602985247687,0.08400858734854041,0.08347953825476843,0.08303866400995846,0.08290640173651548,0.0826418771896295,0.08308275143443947,0.08273005203859149,0.08345749454252795,0.08347953825476843,0.082531658628427,0.08372201908941393,0.08321501370788245,0.08381019393837592,0.08385428136285691,0.08436128674438839,0.08352362567924944,0.08392041249957842,0.08398654363629991,0.08396449992405941,0.08429515560766689,0.08385428136285691,0.08451559273007188,0.08433924303214789,0.08365588795269242,0.08306070772219896,0.08354566939148994,0.08350158196700894,0.08374406280165443,0.08301662029771797,0.08332523226908495,0.08341340711804694,0.08310479514667997,0.08330318855684445,0.0841408496219834,0.08480216098919836,0.08438333045662888,0.08440537416886938,0.08409676219750241,0.08495646697488185,0.0858382154645018,0.08555164720537531,0.08570595319105881,0.08557369091761581,0.0856618657665778,0.08528712265848933,0.0859925214501853,0.08632317713379277,0.08722696933565321,0.0873592316090962,0.08786623699062768,0.08888024775369062,0.08932112199850059,0.09000447707795604,0.09093031299205699,0.09183410519391744,0.09145936208582896,0.0924292854244109,0.09282607224473988,0.09289220338146137,0.09273789739577788,0.09357555846091684,0.09377395187108131,0.09492022490758725,0.09520679316671372,0.0957358422604857,0.09659554703786515,0.0973891206785231,0.0974111643907636,0.09769773264989008,0.09862356856399103,0.09809451947021905,0.098932180535358,0.09968166675153496,0.10093815834924338,0.10243713078159729,0.10323070442225524,0.10261348047952128,0.10301026729985026,0.10325274813449574,0.10281187388968577,0.10338501040793874,0.1039361032139512,0.10349522896914123,0.10323070442225524,0.10259143676728079,0.10312048586105275,0.10281187388968577,0.10267961161624278,0.1040022343506727,0.10459741458116616,0.10433289003428017,0.10495011397701413,0.10583186246663409,0.10638295527264656,0.10666952353177303,0.1071324414888235,0.10808032111516495,0.10968951210872135,0.10993199294336684,0.11085782885746778,0.11112235340435377,0.11024060491473382,0.10990994923112633,0.10949111869855686,0.10940294384959487,0.10997608036784784,0.1106814791595438,0.10975564324544285,0.10955724983527836,0.10900615702926589,0.10971155582096186,0.11123257196555626,0.11101213484315127,0.11094600370642978,0.11151914022468275,0.11010834264129082,0.10988790551888585,0.10940294384959487,0.10924863786391138,0.10944703127407587,0.10984381809440484,0.10977768695768335,0.1105051294616198,0.11189388333277121,0.11072556658402478,0.11178366477156873,0.11264336954894817,0.11326059349168213,0.11447299766490956,0.11467139107507406,0.11418642940578308,0.11416438569354258,0.11409825455682109,0.11315037493047964,0.11376759887321361,0.11352511803856812,0.11299606894479615,0.11332672462840364,0.11259928212446718,0.11253315098774568,0.1121804515918977,0.11176162105932823,0.11116644082883476,0.11182775219604972,0.11341489947736563,0.1137896425854541,0.11341489947736563,0.1137235114487326,0.1139439485711376,0.1138998611466566,0.11431869167922608,0.11405416713234008,0.11506817789540302,0.11493591562196004,0.11486978448523853,0.115420877291251,0.115420877291251,0.11453912880163106,0.11416438569354258,0.11445095395266906,