# R script for Peak Model
#  -- generated by MACS
p <- c(0.04026142354541163,0.04661688995099398,0.05320549148788158,0.06014886387675544,0.06730509877682106,0.0670516910254023,0.06730509877682106,0.06761932438858032,0.06774096010926131,0.06835927502272307,0.06850118336351757,0.06897758993618483,0.06921072506749008,0.06894718100601459,0.06835927502272307,0.06816668513164482,0.06779164165954507,0.06776123272937482,0.06740646187738855,0.0674165981874453,0.06743687080755881,0.0671327815058563,0.06714291781591306,0.06694019161477804,0.0668286922041538,0.06681855589409705,0.06663610231307554,0.06633201301137304,0.0661596957404083,0.06606846894989754,0.06649419397228104,0.06698073685500505,0.0669908731650618,0.0672746898466508,0.06793355000033957,0.06794368631039632,0.06853159229368783,0.06901813517641184,0.06925127030771709,0.06926140661777384,0.06934249709822783,0.06918031613731984,0.06951481436919259,0.06974794950049784,0.06946413281890884,0.06936276971834134,0.06899786255629833,0.06858227384397157,0.06876472742499308,0.06870390956465258,0.06806532203107732,0.06787273213999906,0.06787273213999906,0.06759905176846681,0.06778150534948832,0.06752809759806956,0.06769027855897757,0.06810586727130431,0.06817682144170158,0.06815654882158807,0.06925127030771709,0.06954522329936284,0.06895731731607133,0.06911949827697933,0.06889649945573083,0.06964658639993035,0.06984931260106535,0.06951481436919259,0.06951481436919259,0.06960604115970334,0.06932222447811434,0.0698391762910086,0.07033585548378936,0.0708933525369106,0.07111635135815912,0.07137989541963462,0.07124812338889687,0.07135962279952111,0.07155221269059937,0.07193739247275588,0.07143057696991838,0.07121771445872661,0.07117716921849962,0.0706703537156621,0.07094403408719437,0.07084267098662686,0.07093389777713761,0.07124812338889687,0.07141030434980487,0.07116703290844287,0.07191711985264237,0.07172452996156413,0.07170425734145063,0.07215025498394763,0.07197793771298289,0.07156234900065613,0.07188671092247213,0.07185630199230188,0.07159275793082637,0.07185630199230188,0.07130894124923737,0.07160289424088312,0.07166371210122363,0.07141030434980487,0.07140016803974812,0.07165357579116688,0.07234284487502589,0.07293075085831739,0.07314361336950914,0.07320443122984965,0.0730929318192254,0.07269761572701214,0.07299156871865789,0.0730523865789984,0.07387342769359516,0.07406601758467342,0.0734983842214954,0.07328552171030366,0.0732145675399064,0.07296115978848765,0.0734578389812684,0.07366056518240341,0.07401533603438966,0.07385315507348165,0.0731132044393389,0.07278884251752289,0.0732348401600199,0.07322470384996314,0.07332606695053065,0.07375179197291416,0.07420792592546792,0.07457283308751092,0.07433969795620567,0.07512019383057543,0.07567769088369669,0.0765088683083502,0.0759817801853992,0.07625546055693144,0.07623518793681795,0.07588041708483169,0.07544455575239144,0.07556619147307243,0.07587028077477494,0.07550537361273194,0.07549523730267518,0.07509992121046193,0.07570809981386693,0.07589055339488844,0.0762655968669882,0.07647845937817994,0.07669132188937171,0.07710691060169846,0.07723868263243622,0.07749209038385496,0.07771508920510346,0.07827258625822472,0.07831313149845173,0.07780631599561422,0.07793808802635198,0.07831313149845173,0.07855640293981374,0.07821176839788423,0.07787727016601147,0.07821176839788423,0.07870844759066499,0.07860708449009748,0.07859694818004073,0.07911389999293499,0.07916458154321875,0.07921526309350249,0.07930648988401325,0.07931662619407,0.07921526309350249,0.07916458154321875,0.07918485416333225,0.0795801702555455,0.079681533356113,0.0797828964566805,0.0797018059762265,0.07944839822480775,0.080289711959518,0.08104993521377427,0.08168852274734953,0.08253997279211654,0.08209397514961954,0.08168852274734953,0.08184056739820078,0.08175947691774678,0.08201288466916554,0.08169865905740628,0.08137429713559027,0.08137429713559027,0.08153647809649828,0.08099925366349052,0.08097898104337702,0.08176961322780353,0.08165811381717929,0.08177974953786028,0.08231697397086804,0.0831582877055783,0.08322924187597555,0.08288460733404605,0.08300624305472705,0.08313801508546481,0.08376646630898331,0.08371578475869956,0.08394891989000482,0.08378673892909681,0.08355360379779156,0.08381714785926707,0.08365496689835906,0.08372592106875631,0.08370564844864281,0.08387796571960757,0.08342183176705381,0.08335087759665656,0.08311774246535131,0.08358401272796182,0.08345224069722405,0.08343196807711056,0.08396919251011832,0.08438478122244507,0.08493214196550958,0.08460778004369358,0.08482064255488533,0.08473955207443133,0.08523623126721208,0.08589509142090085,0.08668572360532736,0.08656408788464635,0.08679722301595161,0.08703035814725686,0.08706076707742712,0.08782099033168338,0.08769935461100238,0.08771962723111587,0.08784126295179688,0.08730403851878912,0.08730403851878912,0.08780071771156987,0.08727362958861887,0.08721281172827837,0.08725335696850536,0.0864120432337951,0.08754730996015113,0.08793248974230763,0.08818589749372638,0.08867244037645039,0.08870284930662065,0.08864203144628015,0.08912857432900415,0.08889543919769889,0.08876366716696114,0.0891792558792879,0.08872312192673414,0.0888548939574719,0.08902721122843665,0.08971648031229566,0.0896049809016714,0.09035506784587091,0.09048683987660867,0.09091256489899217,0.0916626518431917,0.09193633221472394,0.09206810424546169,0.09163224291302144,0.09139910778171619,0.09084161072859492,0.09112542741018394,0.09120651789063793,0.09114570003029743,0.09084161072859492,0.09099365537944618,0.09134842623143244,0.09141938040182969,0.0923316483069372,0.09265601022875321,0.09333514300255547,0.09360882337408771,0.09341623348300947,0.09350746027352022,0.09446027341885473,0.09450081865908173,0.09516981512282724,0.09594017468714025,0.09602126516759425,0.09644699018997777,0.09626453660895626,0.09612262826816176,0.095788130036289,0.09636589970952376,0.09607194671787801,0.09583881158657276,0.09516981512282724,0.09486572582112474,0.09563608538543775,0.09594017468714025,0.09615303719833201,0.09651794436037502,0.09748089381576629,0.09805866348900104,0.0985958879220088,0.09930542962598131,0.10064342255347233,0.1021740053720416,0.10308627327714912,0.10409990428282413,0.10580280437235816,0.10738406874121119,0.1084990628474537,0.10916805931119922,0.11019182662693099,0.11131695704323025,0.11151968324436524,0.11190486302652175,0.11211772553771351,0.11269549521094827,0.11269549521094827,0.11244208745952952,0.11281713093162928,0.11287794879196977,0.11359762680599904,0.11351653632554504,0.11406389706860955,0.11398280658815554,0.11350640001548828,0.11383076193730429,0.11402335182838254,0.11423621433957429,0.1150065739038873,0.11594925073916507,0.11586816025871106,0.11571611560785981,0.11598979597939207,0.11622293111069733,0.11682097340404558,0.11713519901580484,0.11718588056608858,0.1179359675102881,0.11790555858011785,0.11810828478125285,0.11855428242374987,0.11917259733721162,0.11909150685675762,0.11928409674783587,0.11945641401880062,0.11854414611369311,0.11882796279528211,0.11910164316681437,0.11884823541539562,0.11779405916949359,0.11806773954102585,0.1181386937114231,0.11860496397403361,0.11882796279528211,0.11922327888749537,0.1209667242172564,0.12107822362788065,0.12127081351895891,0.12127081351895891,0.12216280880395292,0.12247703441571217,0.1234501201811602,0.12421034343541645,0.12469688631814045,0.12501111192989972,0.12416979819518945,0.12489961251927546,0.12468675000808371,0.1252138381310347,0.12554833636290746,0.1250922024103537,0.1252138381310347,0.1250719297902402,0.12473743155836746,0.12497056668967271,0.12571051732381547,0.12517329289080772,0.12549765481262373,0.12576119887409923,0.12561929053330473,0.12597406138529096,0.12597406138529096,0.12644033164790147,0.12751478051391701,0.12826486745811652,0.1283459579385705,0.12917713536322403,0.12923795322356452,0.12955217883532377,0.1299373586174803,0.13033267470969354,0.13035294732980704,0.13039349257003405,0.1303022657795233,0.1296332693157778,0.12998804016776405,0.1301400848186153,0.1304644467404313,0.1305658098409988,