# R script for Peak Model
#  -- generated by MACS
p <- c(0.04073010515151338,0.04737763604109839,0.05441035096353786,0.06141821530321252,0.06792906798759112,0.06739478045814783,0.06809059677556234,0.0678296656565319,0.06845093022565199,0.06879883838435924,0.06826455085491596,0.06828940143768077,0.06768056215994307,0.06704687229944058,0.06741963104091263,0.06799119444450312,0.06730780341847102,0.06741963104091263,0.06750660808058945,0.06710899875635258,0.06745690691505984,0.06732022870985342,0.0678917921134439,0.06802847031865032,0.06833910260321037,0.06836395318597517,0.06868701076191762,0.06857518313947601,0.06805332090141512,0.06830182672906317,0.06838880376873999,0.06869943605330003,0.06876156251021204,0.06904734421200728,0.06801604502726792,0.06792906798759112,0.06822727498076875,0.06848820609979919,0.06904734421200728,0.06939525237071453,0.06939525237071453,0.06886096484127126,0.06858760843085841,0.06857518313947601,0.06901006833786008,0.06836395318597517,0.06822727498076875,0.0678296656565319,0.06751903337197185,0.06708414817358778,0.06759358512026625,0.06827697614629837,0.06795391857035592,0.06811544735832714,0.06826455085491596,0.06876156251021204,0.06811544735832714,0.06836395318597517,0.06791664269620871,0.06738235516676543,0.06694746996838136,0.06694746996838136,0.06763086099441347,0.06769298745132547,0.06766813686856067,0.06770541274270787,0.06817757381523915,0.06796634386173832,0.06830182672906317,0.06843850493426959,0.06848820609979919,0.06872428663606484,0.06872428663606484,0.06858760843085841,0.06905976950338968,0.06937040178794973,0.07019047101918825,0.07009106868812903,0.0704265515554539,0.07079931029692595,0.07062535621757232,0.07077445971416114,0.07032714922439467,0.07036442509854188,0.07031472393301227,0.07026502276748267,0.06945737882762654,0.06995439048292262,0.07005379281398183,0.06970588465527458,0.06929585003965531,0.06869943605330003,0.06905976950338968,0.06935797649656733,0.06944495353624414,0.06924614887412571,0.06940767766209693,0.06925857416550811,0.06943252824486174,0.069842562860481,0.07005379281398183,0.07058808034342512,0.0704514021382187,0.07017804572780585,0.06997924106568743,0.07063778150895472,0.07084901146245555,0.07166908069369408,0.07143300015742844,0.07142057486604604,0.07165665540231167,0.07132117253498682,0.07196728768687172,0.07209154060069574,0.07251400050769741,0.07234004642834378,0.07204183943516614,0.07161937952816447,0.07189273593857731,0.07221579351451976,0.07251400050769741,0.07306071332852308,0.07284948337502226,0.0738062308114672,0.0737316790631728,0.07398018489082082,0.07432809304952809,0.07419141484432167,0.07422869071846887,0.07470085179100014,0.07498663349279538,0.07483752999620656,0.07489965645311857,0.07470085179100014,0.07478782883067694,0.07432809304952809,0.07440264479782249,0.07457659887717612,0.07493693232726577,0.07471327708238254,0.07489965645311857,0.07494935761864817,0.07480025412205936,0.07456417358579372,0.0744150700892049,0.0744647712547345,0.0744771965461169,0.07498663349279538,0.07487480587035376,0.07411686309602725,0.07386835726837922,0.07404231134773284,0.0744399206719697,0.0737316790631728,0.07338377090446553,0.07398018489082082,0.07455174829441132,0.0738186561028496,0.07345832265275995,0.07401746076496804,0.07460144945994092,0.07468842649961774,0.07463872533408814,0.07539666810841464,0.07594338092924033,0.07691255365706767,0.07631613967071238,0.07652736962421322,0.07656464549836042,0.07671374899494925,0.07652736962421322,0.07631613967071238,0.0764528178759188,0.07676345016047885,0.07626643850518278,0.07507361053247219,0.07499905878417779,0.07519786344629621,0.07567002451882748,0.07553334631362106,0.07532211636012023,0.07521028873767861,0.07554577160500346,0.07535939223426744,0.07631613967071238,0.07665162253803723,0.07661434666389003,0.07742199060374615,0.0770368065708917,0.07737228943821654,0.07791900225904222,0.07801840459010144,0.07768292172277659,0.07737228943821654,0.07742199060374615,0.07742199060374615,0.07763322055724699,0.07699953069674449,0.07747169176927576,0.07820478396083747,0.07745926647789336,0.07785687580213022,0.0777450481796886,0.07829176100051428,0.07804325517286624,0.07830418629189669,0.0790497037748408,0.07888817498686958,0.07858996799369193,0.07860239328507433,0.07941003722493045,0.07999402591990334,0.08075196869422986,0.08059043990625864,0.08093834806496589,0.08092592277358349,0.08141050913749716,0.08218087720320608,0.08283941764647337,0.08266546356711975,0.08277729118956137,0.0823548312825597,0.08220572778597088,0.08259091181882533,0.0830382223085918,0.08316247522241582,0.0823175554084125,0.08206904958076446,0.08198207254108764,0.0817211414220572,0.08185781962726363,0.08200692312385245,0.08225542895150048,0.0823921071567069,0.08164658967376279,0.0823921071567069,0.08285184293785577,0.08321217638794542,0.08344825692421107,0.08332400401038705,0.08316247522241582,0.08342340634144627,0.08353523396388787,0.08362221100356469,0.08423105028130239,0.08398254445365434,0.08408194678471356,0.08452925727448003,0.08444228023480321,0.08522507359189453,0.08602029224036825,0.08610726928004507,0.08616939573695707,0.0863557751076931,0.08619424631972188,0.08599544165760345,0.0863557751076931,0.0862936486507811,0.08654215447842914,0.08654215447842914,0.08605756811451547,0.08608241869728027,0.08589603932654424,0.0856475334988962,0.08644275214736992,0.08645517743875232,0.08700189025957801,0.08693976380266599,0.08676580972331237,0.08712614317340202,0.08780953419943413,0.08792136182187574,0.08803318944431736,0.08923844270841035,0.0896112014498824,0.09085373058812259,0.09018276485347289,0.09045612126388573,0.09063007534323936,0.090928282336417,0.09064250063462176,0.09074190296568098,0.09108981112438823,0.09055552359494494,0.09017033956209049,0.09003366135688406,0.09026974189314971,0.09012063839656088,0.09115193758130023,0.09064250063462176,0.09053067301218014,0.09099040879332901,0.09186017919009715,0.09171107569350832,0.09230748967986362,0.09200928268668597,0.09312755891110214,0.09448191567178393,0.0949043755787856,0.09583627243246574,0.09668119224646908,0.098843192947007,0.09899229644359582,0.10090579131648572,0.10218559632887311,0.10329144726190688,0.10444699936047025,0.10516766626064956,0.10566467791594564,0.1074539198750115,0.10868402372186929,0.10834854085454444,0.10924316183407738,0.10923073654269498,0.10976502407213826,0.1100632310653159,0.1100632310653159,0.11028688631019914,0.11101997850176085,0.11016263339637512,0.11041113922402315,0.11022475985328713,0.11019990927052233,0.11028688631019914,0.10981472523766787,0.11012535752222792,0.10969047232384385,0.1099638287342567,0.10969047232384385,0.10971532290660865,0.10988927698596228,0.1107217715085832,0.11108210495867286,0.11213825472617701,0.1126849675470027,0.11275951929529711,0.11346776090409402,0.11412630134736132,0.11451148538021579,0.11551793398219033,0.11582856626675038,0.11575401451845597,0.1159031180150448,0.11579129039260318,0.11565461218739675,0.11688471603425454,0.11780418759655228,0.11779176230516988,0.11831362454323076,0.11810239458972993,0.11815209575525953,0.11918339493999888,0.11963070542976535,0.1198792112574134,0.1199537630057078,0.11873608445023243,0.11820179692078914,0.11758053235166904,0.11755568176890424,0.11841302687428998,0.118599406245026,0.11837575100014276,0.11867395799332041,0.11874850974161483,0.11946917664179413,0.12079868281971114,0.12144479797159603,0.12216546487177535,0.12215303958039293,0.12199151079242171,0.1225630741960122,0.12222759132868735,0.12263762594430662,0.12271217769260102,0.12266247652707142,0.12236426953389377,0.12265005123568902,0.12286128118918985,0.12308493643407308,0.12297310881163147,0.12209091312348093,0.12273702827536583,0.12226486720283455,0.12230214307698176,0.12269975240121862,0.12267490181845382,0.12226486720283455,0.1225009477391002,0.1219293843355097,0.12243882128218818,0.1231843387651323,0.12298553410301387,0.12356952279798676,0.12359437338075156,0.1232091893478971,0.12373105158595799,0.12399198270498842,0.12351982163245714,0.12446414377751969,